0 4.174958e-05
1 3.605749e-05
2 3.072483e-05
3 2.580461e-05
4 2.134002e-05
5 1.735972e-05
6 1.387850e-05
7 1.089387e-05
8 8.387842e-06
9 6.329268e-06
10 4.675986e-06
11 3.379968e-06
12 2.390292e-06
13 1.653585e-06
14 1.117703e-06
15 7.399025e-07
16 4.792478e-07
17 3.043362e-07
18 1.895157e-07
19 1.159367e-07
20 2.278539e-05
21 1.980895e-05
22 1.698805e-05
23 1.436113e-05
24 1.196118e-05
25 9.811357e-06
26 7.924038e-06
27 6.300086e-06
28 4.930380e-06
29 3.797449e-06
30 2.877643e-06
31 2.145898e-06
32 1.575815e-06
33 1.139911e-06
34 8.127382e-07
35 5.714022e-07
36 3.969991e-07
37 2.728060e-07
38 1.844443e-07
39 1.227088e-07
40 1.505454e-05
41 1.360637e-05
42 1.211305e-05
43 1.061757e-05
44 9.160700e-06
45 7.777338e-06
46 6.494932e-06
47 5.333041e-06
48 4.303472e-06
49 3.410481e-06
50 2.653717e-06
51 2.027002e-06
52 1.520533e-06
53 1.121559e-06
54 8.138454e-07
55 5.822150e-07
56 4.106210e-07
57 2.856604e-07
58 1.958368e-07
59 1.313115e-07
60 1.585085e-05
61 1.436905e-05
62 1.283049e-05
63 1.127905e-05
64 9.757090e-06
65 8.301731e-06
66 6.943651e-06
67 5.706228e-06
68 4.605098e-06
69 3.647437e-06
70 2.833894e-06
71 2.158417e-06
72 1.613942e-06
73 1.185747e-06
74 8.562447e-07
75 6.086426e-07
76 4.267505e-07
77 2.953813e-07
78 2.010071e-07
79 1.336947e-07
80 3.431481e-05
81 2.886489e-05
82 2.394314e-05
83 1.960184e-05
84 1.586304e-05
85 1.271417e-05
86 1.011422e-05
87 8.001823e-06
88 6.305388e-06
89 4.953237e-06
90 3.879314e-06
91 3.027429e-06
92 2.350860e-06
93 1.811877e-06
94 1.382097e-06
95 1.038487e-06
96 7.649947e-07
97 5.496222e-07
98 3.827775e-07
99 2.569544e-07
100 3.765645e-05
101 3.160627e-05
102 2.622796e-05
103 2.156187e-05
104 1.759921e-05
105 1.428983e-05
106 1.156625e-05
107 9.352295e-06
108 7.551127e-06
109 6.083296e-06
110 4.883654e-06
111 3.897424e-06
112 3.082017e-06
113 2.405416e-06
114 1.845350e-06
115 1.384890e-06
116 1.014388e-06
117 7.195519e-07
118 4.925520e-07
119 3.236568e-07
120 4.057129e-05
121 3.412698e-05
122 2.839287e-05
123 2.339934e-05
124 1.914381e-05
125 1.559868e-05
126 1.267745e-05
127 1.027773e-05
128 8.314727e-06
129 6.703802e-06
130 5.378704e-06
131 4.283647e-06
132 3.375238e-06
133 2.621450e-06
134 2.001490e-06
135 1.494412e-06
136 1.086736e-06
137 7.653897e-07
138 5.198087e-07
139 3.382699e-07
140 5.998242e-05
141 4.929669e-05
142 4.020229e-05
143 3.264482e-05
144 2.648705e-05
145 2.153206e-05
146 1.756244e-05
147 1.436840e-05
148 1.177558e-05
149 9.636180e-06
150 7.839308e-06
151 6.313331e-06
152 5.007474e-06
153 3.895807e-06
154 2.959076e-06
155 2.181517e-06
156 1.556875e-06
157 1.068691e-06
158 7.017154e-07
159 4.419638e-07
160 6.750508e-05
161 5.549079e-05
162 4.532845e-05
163 3.692237e-05
164 3.008941e-05
165 2.459029e-05
166 2.016929e-05
167 1.658050e-05
168 1.362501e-05
169 1.116191e-05
170 9.076835e-06
171 7.287136e-06
172 5.756765e-06
173 4.450535e-06
174 3.353547e-06
175 2.451198e-06
176 1.729110e-06
177 1.170940e-06
178 7.599063e-07
179 4.707745e-07
180 8.156432e-05
181 6.699697e-05
182 5.482052e-05
183 4.483539e-05
184 3.673307e-05
185 3.019229e-05
186 2.488961e-05
187 2.054026e-05
188 1.691337e-05
189 1.384319e-05
190 1.121144e-05
191 8.943735e-06
192 6.997246e-06
193 5.347250e-06
194 3.970583e-06
195 2.853478e-06
196 1.975407e-06
197 1.311769e-06
198 8.344447e-07
199 5.010095e-07
200 3.292113e-06
201 3.297937e-06
202 3.268676e-06
203 3.202351e-06
204 3.097838e-06
205 2.955016e-06
206 2.776444e-06
207 2.566032e-06
208 2.329982e-06
209 2.076559e-06
210 1.815135e-06
211 1.555788e-06
212 1.307485e-06
213 1.075941e-06
214 8.668992e-07
215 6.857464e-07
216 5.315656e-07
217 4.047594e-07
218 3.030514e-07
219 2.235660e-07
220 1.609603e-06
221 1.705089e-06
222 1.782823e-06
223 1.835497e-06
224 1.858640e-06
225 1.848108e-06
226 1.803030e-06
227 1.724847e-06
228 1.617804e-06
229 1.487992e-06
230 1.342835e-06
231 1.190650e-06
232 1.037858e-06
233 8.898786e-07
234 7.508930e-07
235 6.240264e-07
236 5.114549e-07
237 4.131158e-07
238 3.288314e-07
239 2.588974e-07
240 2.810154e-07
241 5.033782e-07
242 7.173380e-07
243 9.125923e-07
244 1.079929e-06
245 1.211496e-06
246 1.302291e-06
247 1.350568e-06
248 1.357981e-06
249 1.328042e-06
250 1.267155e-06
251 1.181292e-06
252 1.076976e-06
253 9.610812e-07
254 8.387112e-07
255 7.168468e-07
256 5.997974e-07
257 4.920178e-07
258 3.962633e-07
259 3.134921e-07
260 3.336434e-07
261 5.634072e-07
262 7.843821e-07
263 9.869939e-07
264 1.162121e-06
265 1.301557e-06
266 1.400047e-06
267 1.455171e-06
268 1.467716e-06
269 1.440125e-06
270 1.377685e-06
271 1.287000e-06
272 1.176242e-06
273 1.050629e-06
274 9.167696e-07
275 7.827796e-07
276 6.544339e-07
277 5.355359e-07
278 4.297696e-07
279 3.386682e-07
280 5.541131e-06
281 5.599595e-06
282 5.568213e-06
283 5.435276e-06
284 5.198198e-06
285 4.863162e-06
286 4.447690e-06
287 3.977652e-06
288 3.482694e-06
289 2.991861e-06
290 2.529205e-06
291 2.111529e-06
292 1.746877e-06
293 1.436814e-06
294 1.178878e-06
295 9.665387e-07
296 7.936420e-07
297 6.528422e-07
298 5.372961e-07
299 4.414360e-07
300 7.649617e-06
301 7.717507e-06
302 7.636739e-06
303 7.394734e-06
304 6.996629e-06
305 6.466519e-06
306 5.847533e-06
307 5.182583e-06
308 4.502497e-06
309 3.852373e-06
310 3.255539e-06
311 2.728646e-06
312 2.274410e-06
313 1.891473e-06
314 1.573554e-06
315 1.311211e-06
316 1.095063e-06
317 9.128659e-07
318 7.593766e-07
319 6.276590e-07
320 8.492662e-06
321 8.543144e-06
322 8.423304e-06
323 8.129319e-06
324 7.680896e-06
325 7.107298e-06
326 6.426410e-06
327 5.690371e-06
328 4.949275e-06
329 4.242808e-06
330 3.596727e-06
331 3.024672e-06
332 2.530636e-06
333 2.112730e-06
334 1.764208e-06
335 1.472156e-06
336 1.228376e-06
337 1.023135e-06
338 8.486525e-07
339 6.984906e-07
340 1.702448e-05
341 1.660518e-05
342 1.585288e-05
343 1.478731e-05
344 1.346617e-05
345 1.197382e-05
346 1.041217e-05
347 8.879664e-06
348 7.457289e-06
349 6.191177e-06
350 5.107966e-06
351 4.211087e-06
352 3.484586e-06
353 2.905072e-06
354 2.440597e-06
355 2.063540e-06
356 1.752600e-06
357 1.484699e-06
358 1.249686e-06
359 1.039936e-06
360 2.029078e-05
361 1.968655e-05
362 1.868300e-05
363 1.731982e-05
364 1.567847e-05
365 1.386673e-05
366 1.200419e-05
367 1.020010e-05
368 8.546773e-06
369 7.102607e-06
370 5.875332e-06
371 4.862361e-06
372 4.046309e-06
373 3.390046e-06
374 2.861455e-06
375 2.428066e-06
376 2.062953e-06
377 1.747233e-06
378 1.468037e-06
379 1.214390e-06
380 2.699374e-05
381 2.578585e-05
382 2.409945e-05
383 2.201229e-05
384 1.964548e-05
385 1.716556e-05
386 1.471736e-05
387 1.242546e-05
388 1.037553e-05
389 8.614329e-06
390 7.145603e-06
391 5.948651e-06
392 4.987066e-06
393 4.212934e-06
394 3.580194e-06
395 3.052863e-06
396 2.599177e-06
397 2.198077e-06
398 1.836252e-06
399 1.503269e-06
400 0.000000e+00
401 0.000000e+00
402 0.000000e+00
403 0.000000e+00
404 0.000000e+00
405 0.000000e+00
406 0.000000e+00
407 0.000000e+00
408 0.000000e+00
409 0.000000e+00
410 0.000000e+00
411 0.000000e+00
412 0.000000e+00
413 0.000000e+00
414 0.000000e+00
415 0.000000e+00
416 0.000000e+00
417 0.000000e+00
418 0.000000e+00
419 0.000000e+00
420 0.000000e+00
421 0.000000e+00
422 0.000000e+00
423 0.000000e+00
424 0.000000e+00
425 0.000000e+00
426 0.000000e+00
427 0.000000e+00
428 0.000000e+00
429 0.000000e+00
430 0.000000e+00
431 0.000000e+00
432 0.000000e+00
433 0.000000e+00
434 0.000000e+00
435 0.000000e+00
436 0.000000e+00
437 0.000000e+00
438 0.000000e+00
439 0.000000e+00
440 0.000000e+00
441 0.000000e+00
442 0.000000e+00
443 0.000000e+00
444 0.000000e+00
445 0.000000e+00
446 0.000000e+00
447 0.000000e+00
448 0.000000e+00
449 0.000000e+00
450 0.000000e+00
451 0.000000e+00
452 0.000000e+00
453 0.000000e+00
454 0.000000e+00
455 0.000000e+00
456 0.000000e+00
457 0.000000e+00
458 0.000000e+00
459 0.000000e+00
460 0.000000e+00
461 0.000000e+00
462 0.000000e+00
463 0.000000e+00
464 0.000000e+00
465 0.000000e+00
466 0.000000e+00
467 0.000000e+00
468 0.000000e+00
469 0.000000e+00
470 0.000000e+00
471 0.000000e+00
472 0.000000e+00
473 0.000000e+00
474 0.000000e+00
475 0.000000e+00
476 0.000000e+00
477 0.000000e+00
478 0.000000e+00
479 0.000000e+00
480 0.000000e+00
481 0.000000e+00
482 0.000000e+00
483 0.000000e+00
484 0.000000e+00
485 0.000000e+00
486 0.000000e+00
487 0.000000e+00
488 0.000000e+00
489 0.000000e+00
490 0.000000e+00
491 0.000000e+00
492 0.000000e+00
493 0.000000e+00
494 0.000000e+00
495 0.000000e+00
496 0.000000e+00
497 0.000000e+00
498 0.000000e+00
499 0.000000e+00
500 0.000000e+00
501 0.000000e+00
502 0.000000e+00
503 0.000000e+00
504 0.000000e+00
505 0.000000e+00
506 0.000000e+00
507 0.000000e+00
508 0.000000e+00
509 0.000000e+00
510 0.000000e+00
511 0.000000e+00
512 0.000000e+00
513 0.000000e+00
514 0.000000e+00
515 0.000000e+00
516 0.000000e+00
517 0.000000e+00
518 0.000000e+00
519 0.000000e+00
520 0.000000e+00
521 0.000000e+00
522 0.000000e+00
523 0.000000e+00
524 0.000000e+00
525 0.000000e+00
526 0.000000e+00
527 0.000000e+00
528 0.000000e+00
529 0.000000e+00
530 0.000000e+00
531 0.000000e+00
532 0.000000e+00
533 0.000000e+00
534 0.000000e+00
535 0.000000e+00
536 0.000000e+00
537 0.000000e+00
538 0.000000e+00
539 0.000000e+00
540 0.000000e+00
541 0.000000e+00
542 0.000000e+00
543 0.000000e+00
544 0.000000e+00
545 0.000000e+00
546 0.000000e+00
547 0.000000e+00
548 0.000000e+00
549 0.000000e+00
550 0.000000e+00
551 0.000000e+00
552 0.000000e+00
553 0.000000e+00
554 0.000000e+00
555 0.000000e+00
556 0.000000e+00
557 0.000000e+00
558 0.000000e+00
559 0.000000e+00
560 0.000000e+00
561 0.000000e+00
562 0.000000e+00
563 0.000000e+00
564 0.000000e+00
565 0.000000e+00
566 0.000000e+00
567 0.000000e+00
568 0.000000e+00
569 0.000000e+00
570 0.000000e+00
571 0.000000e+00
572 0.000000e+00
573 0.000000e+00
574 0.000000e+00
575 0.000000e+00
576 0.000000e+00
577 0.000000e+00
578 0.000000e+00
579 0.000000e+00
580 0.000000e+00
581 0.000000e+00
582 0.000000e+00
583 0.000000e+00
584 0.000000e+00
585 0.000000e+00
586 0.000000e+00
587 0.000000e+00
588 0.000000e+00
589 0.000000e+00
590 0.000000e+00
591 0.000000e+00
592 0.000000e+00
593 0.000000e+00
594 0.000000e+00
595 0.000000e+00
596 0.000000e+00
597 0.000000e+00
598 0.000000e+00
599 0.000000e+00
600 0.000000e+00
601 0.000000e+00
602 0.000000e+00
603 0.000000e+00
604 0.000000e+00
605 0.000000e+00
606 0.000000e+00
607 0.000000e+00
608 0.000000e+00
609 0.000000e+00
610 0.000000e+00
611 0.000000e+00
612 0.000000e+00
613 0.000000e+00
614 0.000000e+00
615 0.000000e+00
616 0.000000e+00
617 0.000000e+00
618 0.000000e+00
619 0.000000e+00
620 0.000000e+00
621 0.000000e+00
622 0.000000e+00
623 0.000000e+00
624 0.000000e+00
625 0.000000e+00
626 0.000000e+00
627 0.000000e+00
628 0.000000e+00
629 0.000000e+00
630 0.000000e+00
631 0.000000e+00
632 0.000000e+00
633 0.000000e+00
634 0.000000e+00
635 0.000000e+00
636 0.000000e+00
637 0.000000e+00
638 0.000000e+00
639 0.000000e+00
640 0.000000e+00
641 0.000000e+00
642 0.000000e+00
643 0.000000e+00
644 0.000000e+00
645 0.000000e+00
646 0.000000e+00
647 0.000000e+00
648 0.000000e+00
649 0.000000e+00
650 0.000000e+00
651 0.000000e+00
652 0.000000e+00
653 0.000000e+00
654 0.000000e+00
655 0.000000e+00
656 0.000000e+00
657 0.000000e+00
658 0.000000e+00
659 0.000000e+00
660 0.000000e+00
661 0.000000e+00
662 0.000000e+00
663 0.000000e+00
664 0.000000e+00
665 0.000000e+00
666 0.000000e+00
667 0.000000e+00
668 0.000000e+00
669 0.000000e+00
670 0.000000e+00
671 0.000000e+00
672 0.000000e+00
673 0.000000e+00
674 0.000000e+00
675 0.000000e+00
676 0.000000e+00
677 0.000000e+00
678 0.000000e+00
679 0.000000e+00
680 0.000000e+00
681 0.000000e+00
682 0.000000e+00
683 0.000000e+00
684 0.000000e+00
685 0.000000e+00
686 0.000000e+00
687 0.000000e+00
688 0.000000e+00
689 0.000000e+00
690 0.000000e+00
691 0.000000e+00
692 0.000000e+00
693 0.000000e+00
694 0.000000e+00
695 0.000000e+00
696 0.000000e+00
697 0.000000e+00
698 0.000000e+00
699 0.000000e+00
700 0.000000e+00
701 0.000000e+00
702 0.000000e+00
703 0.000000e+00
704 0.000000e+00
705 0.000000e+00
706 0.000000e+00
707 0.000000e+00
708 0.000000e+00
709 0.000000e+00
710 0.000000e+00
711 0.000000e+00
712 0.000000e+00
713 0.000000e+00
714 0.000000e+00
715 0.000000e+00
716 0.000000e+00
717 0.000000e+00
718 0.000000e+00
719 0.000000e+00
720 0.000000e+00
721 0.000000e+00
722 0.000000e+00
723 0.000000e+00
724 0.000000e+00
725 0.000000e+00
726 0.000000e+00
727 0.000000e+00
728 0.000000e+00
729 0.000000e+00
730 0.000000e+00
731 0.000000e+00
732 0.000000e+00
733 0.000000e+00
734 0.000000e+00
735 0.000000e+00
736 0.000000e+00
737 0.000000e+00
738 0.000000e+00
739 0.000000e+00
740 0.000000e+00
741 0.000000e+00
742 0.000000e+00
743 0.000000e+00
744 0.000000e+00
745 0.000000e+00
746 0.000000e+00
747 0.000000e+00
748 0.000000e+00
749 0.000000e+00
750 0.000000e+00
751 0.000000e+00
752 0.000000e+00
753 0.000000e+00
754 0.000000e+00
755 0.000000e+00
756 0.000000e+00
757 0.000000e+00
758 0.000000e+00
759 0.000000e+00
760 0.000000e+00
761 0.000000e+00
762 0.000000e+00
763 0.000000e+00
764 0.000000e+00
765 0.000000e+00
766 0.000000e+00
767 0.000000e+00
768 0.000000e+00
769 0.000000e+00
770 0.000000e+00
771 0.000000e+00
772 0.000000e+00
773 0.000000e+00
774 0.000000e+00
775 0.000000e+00
776 0.000000e+00
777 0.000000e+00
778 0.000000e+00
779 0.000000e+00
780 0.000000e+00
781 0.000000e+00
782 0.000000e+00
783 0.000000e+00
784 0.000000e+00
785 0.000000e+00
786 0.000000e+00
787 0.000000e+00
788 0.000000e+00
789 0.000000e+00
790 0.000000e+00
791 0.000000e+00
792 0.000000e+00
793 0.000000e+00
794 0.000000e+00
795 0.000000e+00
796 0.000000e+00
797 0.000000e+00
798 0.000000e+00
799 0.000000e+00
800 0.000000e+00
801 0.000000e+00
802 0.000000e+00
803 0.000000e+00
804 0.000000e+00
805 0.000000e+00
806 0.000000e+00
807 0.000000e+00
808 0.000000e+00
809 0.000000e+00
810 0.000000e+00
811 0.000000e+00
812 0.000000e+00
813 0.000000e+00
814 0.000000e+00
815 0.000000e+00
816 0.000000e+00
817 0.000000e+00
818 0.000000e+00
819 0.000000e+00
820 0.000000e+00
821 0.000000e+00
822 0.000000e+00
823 0.000000e+00
824 0.000000e+00
825 0.000000e+00
826 0.000000e+00
827 0.000000e+00
828 0.000000e+00
829 0.000000e+00
830 0.000000e+00
831 0.000000e+00
832 0.000000e+00
833 0.000000e+00
834 0.000000e+00
835 0.000000e+00
836 0.000000e+00
837 0.000000e+00
838 0.000000e+00
839 0.000000e+00
840 0.000000e+00
841 0.000000e+00
842 0.000000e+00
843 0.000000e+00
844 0.000000e+00
845 0.000000e+00
846 0.000000e+00
847 0.000000e+00
848 0.000000e+00
849 0.000000e+00
850 0.000000e+00
851 0.000000e+00
852 0.000000e+00
853 0.000000e+00
854 0.000000e+00
855 0.000000e+00
856 0.000000e+00
857 0.000000e+00
858 0.000000e+00
859 0.000000e+00
860 0.000000e+00
861 0.000000e+00
862 0.000000e+00
863 0.000000e+00
864 0.000000e+00
865 0.000000e+00
866 0.000000e+00
867 0.000000e+00
868 0.000000e+00
869 0.000000e+00
870 0.000000e+00
871 0.000000e+00
872 0.000000e+00
873 0.000000e+00
874 0.000000e+00
875 0.000000e+00
876 0.000000e+00
877 0.000000e+00
878 0.000000e+00
879 0.000000e+00
880 0.000000e+00
881 0.000000e+00
882 0.000000e+00
883 0.000000e+00
884 0.000000e+00
885 0.000000e+00
886 0.000000e+00
887 0.000000e+00
888 0.000000e+00
889 0.000000e+00
890 0.000000e+00
891 0.000000e+00
892 0.000000e+00
893 0.000000e+00
894 0.000000e+00
895 0.000000e+00
896 0.000000e+00
897 0.000000e+00
898 0.000000e+00
899 0.000000e+00
